>> Main
Vc: 
     2     8    28
     1     3     5
     0     0     0
     1     5    23
     0    -2    -6

Vobar: 
     1     1
     0     0
     0     1
     1     0
     0     1

Vcobar:
    0.9204
   -0.0000
         0
    0.9204
         0

uw_span:
   -1.3333  -12.0000
         0         0
    0.9428    8.4853
   -2.0000   -6.0000

Vco:
   -0.6667   -6.0000
   -1.3333  -12.0000
         0         0
    0.6667    6.0000
   -2.0000   -6.0000

v cbar obar:
    0.2582
   -0.0000
    0.5164
   -0.2582
    0.5164

V cbar O:
    1.0000
   -1.0000
   -1.0000
   -1.0000
         0

Q:
  Columns 1 through 4

    0.9204   -0.6667   -6.0000    0.2582
   -0.0000   -1.3333  -12.0000   -0.0000
         0         0         0    0.5164
    0.9204    0.6667    6.0000   -0.2582
         0   -2.0000   -6.0000    0.5164

  Column 5

   -1.0000
    1.0000
    1.0000
    1.0000
         0

A hat:
  Columns 1 through 4

    4.0000   -2.8974  -13.0384    0.5611
         0   -5.0000  -36.0000         0
         0    1.2222    8.0000         0
         0    0.0000    0.0000    6.0000
         0   -0.0000   -0.0000   -0.0000

  Column 5

    4.8894
   18.7500
   -3.4167
    1.9365
    5.0000

B hat:
    1.6298
    0.3750
   -0.1250
   -0.0000
    0.0000

 C hat:
  Columns 1 through 4

   -0.0000   -2.6667  -24.0000   -0.0000

  Column 5

   -2.0000
